Miasto poczatkowe: 4 ilosc miast: 25 iteracje: 500 Liczba osobnikow populacji: 10000 Prawdopodobienstwo operatorow genetycznych: 0.5

Najlepsza trasa: 
4 -> 15 -> 1 -> 7 -> 17 -> 9 -> 10 -> 13 -> 0 -> 21 -> 23 -> 19 -> 8 -> 24 -> 3 -> 2 -> 18 -> 16 -> 5 -> 6 -> 12 -> 20 -> 22 -> 11 -> 14 -> 4
Odleglosci miedzy miastami: 
114 -> 176 -> 136 -> 120 -> 226 -> 72 -> 478 -> 165 -> 60 -> 178 -> 237 -> 111 -> 171 -> 416 -> 280 -> 158 -> 133 -> 245 -> 192 -> 496 -> 131 -> 340 -> 480 -> 177 -> 166
Odleglosc narastania: 
114 -> 290 -> 426 -> 546 -> 772 -> 844 -> 1322 -> 1487 -> 1547 -> 1725 -> 1962 -> 2073 -> 2244 -> 2660 -> 2940 -> 3098 -> 3231 -> 3476 -> 3668 -> 4164 -> 4295 -> 4635 -> 5115 -> 5292 -> 5458
Laczna odleglosc: 
5458

Wszystkie odleglosci:
5922
6594
6232
6350
6414
6266
6568
6466
6280
6110
6565
6285
6308
6503
6088
6483
6069
6331
6065
6406
6469
5641
6419
6243
5752
6228
6434
6535
6519
6228
6404
6326
6539
6429
6399
6030
6545
6412
6302
5982
6221
6357
6473
6174
6135
6062
6275
6400
6503
6370
6377
6277
6316
6137
6280
6481
6218
6640
6419
6206
6425
6460
5822
6443
6568
6588
6422
6723
6225
6171
6379
6085
6148
6443
5538
6221
6491
5980
6489
6145
6631
5861
6522
6291
6432
6021
5921
6318
6493
6118
6432
6301
5965
6603
6523
6414
6647
6356
6383
5653
6475
6258
6115
6194
5898
6435
6395
6494
5880
6168
6293
6495
6279
6306
6182
6590
6584
6197
6343
6041
6444
6308
6251
6304
6390
6274
6422
6412
6348
5458
6353
6296
6449
6451
6193
6509
6390
6213
6448
6576
6608
6163
6615
6247
6195
6152
6294
6605
6596
5650
5883
6577
6164
6261
6348
6135
6294
6335
6349
6529
6527
6385
6408
6439
6186
6558
6338
6560
6650
6075
6422
6142
6404
6333
6416
6484
6537
6310
6425
6519
6687
6059
6222
6616
6391
6571
6406
6196
6470
6456
6661
6500
6507
6723
6492
6392
6526
6252
6013
6089
6267
6372
6193
6477
6020
6458
6308
6612
6550
6438
5698
6418
6429
6296
6221
6402
6295
6150
6609
6025
5638
6221
6326
6490
6307
6314
6317
5931
6714
6326
6060
6545
6526
6363
6316
6294
6448
6379
6582
6222
6200
6210
6518
6460
6336
6360
6455
6337
6332
6280
6402
6179
6455
6175
6326
6219
6515
6604
6230
6356
6333
6274
6375
6454
6076
6291
6333
6214
6440
6533
6345
6454
6315
6630
6385
6489
6355
6000
6158
6301
6572
6281
6365
6485
6632
6005
6326
6172
6482
6388
6362
6312
6287
6381
6536
6146
6510
5817
6613
6402
6254
6266
6115
6563
6505
6307
6168
6033
6377
6242
6281
6477
6198
6424
6310
6291
6320
6352
6519
6493
6648
6235
6392
6273
6485
6490
6452
6531
6553
6123
6287
6039
6576
6439
6636
6372
6174
6401
6536
6329
6257
6256
6470
6244
6272
6774
6329
6500
6198
6379
6406
6647
5890
6290
5872
6215
5695
6585
6110
6525
6281
6510
6549
6276
6709
6242
6495
6391
6205
6449
6115
5950
6481
6550
6294
6412
6083
6153
6453
6460
6372
5583
6336
6372
6042
6318
6636
6195
6121
6475
5811
6500
6201
6339
6405
6469
6430
6273
6052
6341
6484
6511
6411
6323
6479
5689
6416
6416
6248
5991
6331
5593
6105
6182
6381
6096
6681
6603
6323
6449
6284
6512
6493
6051
6424
6063
5961
6339
6316
6437
6103
6156
6422
6417
6667
6148
6239
6297
6482
6243
6345
6089
6414
6341
5773
6237
5912
6295
5884
6334
6452
6547
6456
6361
6581
6697
6288
6181
6135
6443
6433
6191
6019
6464
6331
6094
6419
6659
6450
6321
6060
6118
5915
6383
6204
6671
6201
6584
6502
6593
6512
5898
6515
6316
6597
6505
6296
6220
6004
6537
6469
6502
6482
5688
6474
6432
6224
6614
6421
6353