Miasto poczatkowe: 4 ilosc miast: 15 iteracje: 100 Liczba osobnikow populacji: 10000 Prawdopodobienstwo operatorow genetycznych: 0.5

Najlepsza trasa: 
4 -> 9 -> 7 -> 1 -> 3 -> 14 -> 11 -> 12 -> 13 -> 5 -> 0 -> 6 -> 8 -> 2 -> 10 -> 4
Odleglosci miedzy miastami: 
151 -> 128 -> 136 -> 341 -> 435 -> 177 -> 251 -> 226 -> 199 -> 36 -> 172 -> 258 -> 264 -> 380 -> 81
Odleglosc narastania: 
151 -> 279 -> 415 -> 756 -> 1191 -> 1368 -> 1619 -> 1845 -> 2044 -> 2080 -> 2252 -> 2510 -> 2774 -> 3154 -> 3235
Laczna odleglosc: 
3235

Wszystkie odleglosci:
3376
3682
3653
3884
3664
3740
3359
3885
3592
3825
3667
3786
3822
3749
3639
3604
3706
3652
3781
3636
3845
3441
3752
3825
3859
3933
3652
3478
3838
3749
3887
3599
3830
3895
3812
3743
3750
3700
3545
3785
3802
3713
3631
3696
3775
3686
3931
3783
3839
3771
3905
3679
3816
3712
3839
3727
3665
3782
3635
3741
3833
3458
3690
3618
3548
3776
3644
3671
3642
3741
3868
3352
3836
3786
3634
3735
3620
3235
3705
3905
3727
3622
3632
3806
3596
3513
3864
3715
3818
3488
3826
3678
3514
3483
3848
3902
3596
3790
3751
3672