Miasto poczatkowe: 4 ilosc miast: 10 iteracje: 500 Liczba osobnikow populacji: 10000 Prawdopodobienstwo operatorow genetycznych: 0.5

Najlepsza trasa: 
4 -> 1 -> 7 -> 2 -> 6 -> 0 -> 5 -> 8 -> 3 -> 9 -> 4
Odleglosci miedzy miastami: 
299 -> 136 -> 203 -> 129 -> 172 -> 36 -> 352 -> 392 -> 201 -> 151
Odleglosc narastania: 
299 -> 435 -> 638 -> 767 -> 939 -> 975 -> 1327 -> 1719 -> 1920 -> 2071
Laczna odleglosc: 
2071

Wszystkie odleglosci:
2073
2146
2184
2071
2158
2179
2105
2120
2121
2153
2071
2093
2088
2105
2138
2160
2203
2191
2121
2073
2115
2132
2185
2090
2207
2104
2148
2104
2071
2166
2142
2099
2151
2099
2088
2194
2093
2154
2207
2123
2140
2140
2088
2158
2138
2071
2140
2162
2088
2115
2105
2140
2132
2073
2170
2210
2088
2168
2154
2151
2073
2152
2088
2172
2115
2170
2121
2148
2090
2174
2146
2138
2099
2140
2088
2105
2155
2099
2140
2120
2165
2194
2124
2071
2104
2105
2121
2093
2174
2088
2191
2174
2148
2120
2104
2115
2140
2138
2120
2226
2172
2140
2073
2088
2153
2124
2105
2105
2132
2088
2088
2146
2105
2151
2132
2197
2138
2184
2073
2154
2090
2088
2088
2071
2099
2071
2093
2212
2093
2071
2166
2151
2090
2138
2210
2071
2105
2153
2157
2203
2138
2142
2099
2154
2115
2099
2151
2157
2197
2157
2099
2124
2162
2160
2124
2071
2071
2152
2115
2073
2123
2179
2157
2146
2088
2090
2088
2132
2210
2250
2208
2157
2138
2138
2071
2140
2090
2132
2172
2138
2071
2157
2104
2088
2120
2071
2104
2088
2168
2152
2175
2158
2093
2162
2170
2073
2071
2088
2140
2157
2124
2153
2153
2170
2182
2071
2104
2093
2138
2175
2105
2088
2115
2155
2152
2157
2088
2105
2154
2090
2090
2071
2093
2184
2148
2088
2157
2160
2184
2115
2088
2071
2090
2152
2154
2140
2132
2204
2073
2104
2105
2148
2182
2121
2175
2104
2073
2138
2073
2153
2132
2204
2093
2123
2140
2115
2146
2099
2090
2160
2152
2142
2073
2160
2170
2121
2123
2124
2124
2121
2152
2099
2140
2266
2090
2162
2099
2138
2121
2104
2188
2073
2138
2182
2182
2151
2121
2153
2160
2073
2090
2188
2115
2120
2140
2104
2168
2090
2121
2105
2105
2093
2090
2205
2090
2120
2099
2104
2175
2151
2071
2138
2140
2179
2170
2185
2093
2071
2157
2073
2088
2090
2157
2104
2140
2120
2132
2115
2093
2105
2071
2088
2093
2073
2115
2105
2115
2146
2104
2115
2140
2155
2088
2238
2157
2142
2088
2123
2132
2071
2153
2162
2073
2073
2208
2151
2203
2146
2093
2115
2071
2090
2140
2115
2142
2104
2090
2157
2132
2194
2138
2071
2140
2142
2088
2168
2152
2140
2140
2073
2140
2132
2104
2090
2151
2073
2090
2140
2115
2073
2123
2121
2157
2088
2140
2181
2090
2104
2146
2090
2185
2140
2157
2162
2158
2162
2146
2121
2138
2170
2151
2115
2071
2115
2151
2115
2121
2153
2157
2157
2153
2099
2105
2104
2140
2132
2104
2088
2115
2090
2124
2071
2099
2073
2155
2090
2182
2146
2153
2140
2188
2132
2093
2153
2140
2120
2090
2073
2121
2088
2140
2184
2088
2071
2138
2182
2138
2162
2138
2073
2099
2073
2162
2146
2158
2099
2099
2140
2140
2071
2099
2146
2088
2093
2104
2138
2104
2093
2132
2182
2140
2120
2132
2121
2123
2132
2104
2104
2093
2146
2175
2071
2120
2182
2120
2090
2099
2073
2140
2142