Miasto poczatkowe: 4 ilosc miast: 15 iteracje: 500 Liczba osobnikow populacji: 10000 Prawdopodobienstwo operatorow genetycznych: 0.5

Najlepsza trasa: 
4 -> 14 -> 11 -> 12 -> 13 -> 1 -> 3 -> 7 -> 6 -> 0 -> 5 -> 8 -> 2 -> 9 -> 10 -> 4
Odleglosci miedzy miastami: 
166 -> 177 -> 251 -> 226 -> 187 -> 341 -> 221 -> 229 -> 172 -> 36 -> 352 -> 264 -> 338 -> 72 -> 81
Odleglosc narastania: 
166 -> 343 -> 594 -> 820 -> 1007 -> 1348 -> 1569 -> 1798 -> 1970 -> 2006 -> 2358 -> 2622 -> 2960 -> 3032 -> 3113
Laczna odleglosc: 
3113

Wszystkie odleglosci:
3671
3487
3650
3657
3904
3726
3902
3850
3836
3706
3698
3844
3771
3662
3834
3689
3825
3845
3559
3750
3519
3650
3750
3669
3384
3722
3500
3824
4028
3723
3514
3736
3708
3819
3477
3677
3689
3862
3788
3715
3801
3827
3860
3965
3700
3784
3498
3474
3746
3767
3494
3543
3798
3592
3754
3850
3917
3464
3750
3681
3826
3545
3848
3754
3770
3710
3800
3650
3580
3586
3717
3513
3526
3771
3758
3924
3894
3656
3586
3689
3820
3396
3595
3633
3711
3196
3693
3781
3855
3736
3962
3710
3555
3424
3566
3655
3944
3526
3850
3863
3693
3838
3664
3676
3684
3900
3363
3521
3483
3727
3781
3858
3595
3338
3766
3853
3315
3489
3879
3571
3724
3972
3435
3576
3802
3790
3498
3572
3370
3850
3901
3877
3225
3721
3735
3690
3746
3615
3123
3685
3737
3656
3841
3451
3580
3686
3759
3777
3656
3765
3667
3815
3777
3633
3652
3614
3521
3717
3744
3613
3762
3705
3546
3574
3633
3750
3900
3692
3718
3685
3637
3557
3263
3693
3820
3712
3876
3445
3540
3731
3800
3726
3936
3438
3606
3628
3884
3805
3727
3810
3641
3733
3944
3657
3689
3766
3204
3497
3872
3450
3718
3237
3730
3797
3427
3731
3694
3718
3754
3529
3781
3690
3760
3606
3688
3697
3760
3482
3549
3821
3698
3664
3819
3823
3842
3509
3684
3758
3729
3404
3694
3741
3753
3460
3790
3855
3772
3656
3634
3785
3712
3726
3710
3647
3637
3645
3847
3607
3113
3758
3745
3719
3578
3399
3807
3993
3728
3581
3578
3813
3748
3751
3741
3810
3750
3845
3735
3517
3415
3677
3712
3747
3805
3343
3748
3731
3479
3841
3589
3654
3803
3766
3772
3678
3892
3736
3376
3868
3569
3796
3629
3862
3615
3825
3756
3774
3354
3877
3603
3793
3641
3806
3696
3157
3606
3861
3881
3493
3904
3782
3873
3503
3882
3968
3443
3749
3753
3656
3619
3671
3467
3628
3564
3772
3507
3576
3691
3670
3771
3724
3714
3791
3717
3663
3630
3764
3775
3756
3630
3584
3671
3720
3839
3562
3638
3729
3719
3741
3901
3652
3472
3750
3459
3849
3706
3561
3495
3558
3604
3453
3635
3601
3924
3669
3601
3776
3838
3682
3780
3617
3726
3677
3638
3738
3723
3766
3632
3576
3941
3796
3957
3827
3666
3625
3674
3844
3793
3531
3530
3688
3723
3688
3533
3565
3427
3657
3592
3715
3501
3818
3615
3876
3641
3672
3887
3747
3846
3570
3722
3682
3587
3849
3672
3717
3826
3823
3510
3835
3769
3885
3731
3676
3332
3790
3685
3905
3773
3565
3225
3678
3687
3723
3687
3249
3686
3832
3423
3454
3768
3789
3648
3850
3877
3744
3844
3565
3720
3895
3836
3660
3409
3639
3855
3615
3838
3767
3555
3873
3623
3716
3472
3618
3764
3533
3599
3756
3623
3809
3728
3755
3934
3386
3753
3754
3647
3466
3590
3814
3662
3687
3794
3604
3760
3834
3553
3764
3638
3650
3748
3766
3693
3789
3851
3457
3820
3658
3691
3791
3805
3726