Miasto poczatkowe: 4 ilosc miast: 10 iteracje: 1000 Liczba osobnikow populacji: 10000 Prawdopodobienstwo operatorow genetycznych: 0.5

Najlepsza trasa: 
4 -> 1 -> 7 -> 2 -> 6 -> 0 -> 5 -> 8 -> 3 -> 9 -> 4
Odleglosci miedzy miastami: 
299 -> 136 -> 203 -> 129 -> 172 -> 36 -> 352 -> 392 -> 201 -> 151
Odleglosc narastania: 
299 -> 435 -> 638 -> 767 -> 939 -> 975 -> 1327 -> 1719 -> 1920 -> 2071
Laczna odleglosc: 
2071

Wszystkie odleglosci:
2138
2073
2152
2090
2148
2213
2166
2153
2182
2160
2088
2104
2152
2105
2132
2138
2140
2162
2140
2124
2120
2138
2158
2155
2073
2182
2071
2140
2090
2140
2182
2105
2115
2071
2088
2182
2123
2140
2182
2093
2138
2104
2073
2166
2158
2099
2121
2071
2104
2073
2175
2121
2140
2182
2073
2162
2153
2138
2124
2140
2153
2090
2073
2197
2120
2090
2155
2155
2140
2188
2162
2105
2210
2099
2132
2105
2123
2093
2121
2073
2138
2104
2140
2179
2155
2088
2162
2120
2170
2088
2099
2157
2132
2162
2104
2140
2185
2120
2124
2071
2197
2138
2073
2140
2115
2124
2154
2146
2104
2073
2115
2154
2093
2140
2142
2197
2140
2204
2140
2073
2140
2088
2124
2099
2151
2120
2162
2197
2104
2132
2073
2099
2071
2140
2105
2104
2132
2140
2099
2179
2121
2132
2090
2142
2123
2140
2090
2073
2088
2132
2105
2088
2170
2162
2194
2140
2088
2088
2071
2162
2138
2105
2138
2185
2120
2132
2157
2140
2174
2123
2170
2132
2090
2188
2071
2157
2146
2115
2140
2088
2104
2158
2140
2090
2132
2165
2124
2175
2157
2115
2124
2071
2166
2104
2155
2115
2123
2071
2088
2121
2104
2124
2203
2071
2166
2073
2088
2251
2146
2073
2071
2088
2073
2120
2090
2088
2124
2195
2071
2088
2197
2105
2073
2154
2093
2090
2142
2071
2191
2162
2121
2140
2104
2168
2132
2138
2123
2140
2146
2073
2099
2104
2204
2120
2123
2184
2104
2132
2138
2120
2172
2154
2158
2121
2148
2099
2132
2191
2088
2115
2151
2088
2121
2123
2153
2140
2099
2088
2181
2104
2151
2099
2140
2208
2174
2073
2123
2162
2073
2071
2179
2132
2154
2093
2104
2185
2132
2088
2146
2120
2073
2073
2142
2132
2115
2093
2093
2071
2090
2160
2140
2124
2203
2090
2120
2216
2073
2099
2071
2166
2073
2123
2140
2140
2132
2105
2155
2115
2099
2151
2140
2132
2153
2090
2157
2138
2162
2105
2071
2132
2071
2140
2185
2073
2132
2162
2179
2120
2121
2152
2120
2105
2099
2088
2090
2105
2166
2124
2088
2073
2105
2132
2132
2140
2132
2104
2170
2170
2104
2132
2121
2132
2104
2073
2142
2142
2121
2071
2140
2152
2088
2073
2104
2105
2132
2093
2184
2148
2153
2188
2088
2090
2157
2124
2071
2088
2226
2090
2105
2071
2148
2115
2105
2182
2168
2140
2155
2124
2132
2104
2104
2152
2105
2138
2090
2157
2160
2157
2123
2104
2151
2160
2088
2174
2104
2151
2132
2123
2090
2197
2120
2140
2090
2105
2155
2152
2115
2203
2124
2071
2120
2188
2182
2099
2148
2146
2090
2073
2181
2165
2140
2148
2151
2146
2146
2071
2216
2152
2090
2132
2132
2138
2140
2208
2142
2120
2105
2120
2140
2158
2093
2090
2157
2162
2175
2124
2115
2093
2229
2132
2158
2138
2148
2073
2138
2104
2120
2219
2093
2105
2104
2138
2140
2099
2093
2140
2132
2154
2120
2179
2123
2157
2120
2241
2088
2158
2115
2184
2123
2073
2073
2142
2104
2138
2152
2093
2104
2155
2138
2152
2168
2090
2140
2071
2073
2071
2073
2166
2071
2073
2132
2071
2090
2168
2204
2191
2142
2104
2090
2115
2158
2121
2132
2158
2115
2185
2071
2104
2120
2071
2120
2073
2146
2121
2140
2152
2093
2104
2073
2090
2158
2174
2090
2140
2148
2099
2140
2138
2104
2093
2148
2142
2073
2115
2155
2104
2140
2140
2162
2121
2146
2151
2229
2071
2120
2121
2140
2138
2138
2212
2104
2182
2090
2099
2179
2073
2188
2090
2088
2228
2140
2203
2157
2140
2153
2099
2104
2093
2142
2132
2121
2132
2088
2090
2124
2157
2162
2132
2179
2182
2104
2071
2123
2142
2132
2073
2175
2174
2182
2124
2115
2123
2088
2124
2157
2090
2073
2105
2115
2104
2088
2088
2132
2202
2088
2124
2162
2090
2099
2151
2146
2088
2140
2115
2088
2088
2104
2099
2104
2132
2142
2140
2179
2073
2088
2170
2151
2194
2148
2123
2099
2105
2120
2132
2185
2093
2132
2120
2104
2121
2071
2132
2140
2162
2152
2090
2088
2073
2170
2142
2124
2073
2181
2071
2140
2090
2142
2166
2090
2099
2160
2142
2093
2213
2115
2179
2099
2123
2099
2090
2140
2099
2197
2088
2154
2073
2093
2124
2179
2157
2195
2073
2148
2093
2073
2160
2157
2088
2185
2105
2142
2071
2154
2071
2174
2115
2099
2088
2210
2099
2132
2121
2104
2162
2213
2132
2123
2132
2205
2132
2132
2115
2155
2208
2071
2148
2090
2166
2166
2105
2179
2099
2104
2105
2151
2088
2153
2170
2073
2093
2099
2121
2088
2132
2160
2132
2093
2124
2140
2071
2157
2093
2120
2088
2120
2140
2093
2088
2168
2124
2151
2185
2158
2073
2170
2105
2181
2121
2120
2123
2132
2170
2155
2151
2140
2073
2182
2071
2162
2174
2104
2140
2140
2073
2142
2162
2104
2228
2099
2218
2188
2099
2071
2138
2115
2166
2090
2120
2121
2219
2203
2090
2121
2090
2090
2188
2132
2123
2090
2124
2105
2088
2093
2210
2104
2071
2170
2148
2175
2115
2142
2088
2121
2124
2124
2088
2104
2090
2090
2140
2204
2104
2105
2093
2124
2155
2124
2105
2093
2088
2152
2104
2162
2162
2115
2093
2093
2170
2088
2132
2115
2179
2132
2154
2071
2153
2099
2132
2172
2146
2104
2138
2123
2088
2218
2182
2132
2071
2182
2073
2105
2142
2099
2140
2204
2099
2105
2073
2073
2123
2140
2132
2195
2115
2071
2088
2104
2152
2121
2157
2071
2105
2093
2132
2165
2071
2099
2210
2172
2132
2104
2132
2132
2120
2120
2115
2090
2170
2151
2146
2090
2160
2182
2184
2179
2104
2105
2088
2120
2099
2153
2154
2073
2168
2157
2132
2154
2153
2168
2162
2124
2088
2140
2099
2073
2170
2185
2168
2168
2104
2121
2088
2142
2120
2182
2168
2099
2104
2138
2153
2132
2099
2088
2157
2093
2090
2201
2140
2174
2123
2124
2142
2090
2123
2160
2162
2138
2157
2090
2120
2104
2162
2155
2132
2099
2071
2151
2088
2132
2071