Miasto poczatkowe: 4 ilosc miast: 10 iteracje: 100 Liczba osobnikow populacji: 10000 Prawdopodobienstwo operatorow genetycznych: 0.5

Najlepsza trasa: 
4 -> 1 -> 7 -> 2 -> 6 -> 0 -> 5 -> 8 -> 3 -> 9 -> 4
Odleglosci miedzy miastami: 
299 -> 136 -> 203 -> 129 -> 172 -> 36 -> 352 -> 392 -> 201 -> 151
Odleglosc narastania: 
299 -> 435 -> 638 -> 767 -> 939 -> 975 -> 1327 -> 1719 -> 1920 -> 2071
Laczna odleglosc: 
2071

Wszystkie odleglosci:
2121
2203
2172
2132
2132
2140
2104
2104
2124
2148
2073
2154
2157
2203
2140
2090
2093
2170
2090
2073
2157
2088
2099
2157
2090
2123
2132
2132
2157
2146
2121
2071
2155
2093
2088
2071
2179
2088
2105
2088
2132
2140
2104
2090
2124
2093
2153
2203
2073
2154
2201
2151
2140
2123
2073
2088
2152
2071
2088
2115
2120
2073
2148
2090
2073
2105
2088
2071
2154
2138
2073
2158
2197
2210
2093
2115
2132
2165
2140
2093
2155
2090
2140
2210
2157
2142
2104
2088
2140
2132
2172
2132
2179
2182
2152
2093
2140
2158
2152
2115