Miasto poczatkowe: 4 ilosc miast: 30 iteracje: 500 Liczba osobnikow populacji: 10000 Prawdopodobienstwo operatorow genetycznych: 0.5

Najlepsza trasa: 
4 -> 16 -> 6 -> 8 -> 24 -> 19 -> 7 -> 25 -> 2 -> 17 -> 28 -> 26 -> 18 -> 5 -> 23 -> 21 -> 0 -> 22 -> 27 -> 14 -> 10 -> 9 -> 15 -> 1 -> 11 -> 29 -> 12 -> 20 -> 13 -> 3 -> 4
Odleglosci miedzy miastami: 
422 -> 203 -> 258 -> 171 -> 169 -> 553 -> 114 -> 105 -> 229 -> 163 -> 119 -> 257 -> 191 -> 109 -> 178 -> 60 -> 132 -> 388 -> 503 -> 245 -> 72 -> 134 -> 176 -> 175 -> 251 -> 493 -> 131 -> 193 -> 513 -> 304
Odleglosc narastania: 
422 -> 625 -> 883 -> 1054 -> 1223 -> 1776 -> 1890 -> 1995 -> 2224 -> 2387 -> 2506 -> 2763 -> 2954 -> 3063 -> 3241 -> 3301 -> 3433 -> 3821 -> 4324 -> 4569 -> 4641 -> 4775 -> 4951 -> 5126 -> 5377 -> 5870 -> 6001 -> 6194 -> 6707 -> 7011
Laczna odleglosc: 
7011

Wszystkie odleglosci:
8083
7728
8130
8053
7850
8090
8213
8002
8249
8012
8048
7738
8159
7627
8229
7835
8474
7988
7941
8088
8189
8237
8274
7747
8338
8054
8031
8102
7760
8113
8079
7713
8100
7608
8076
8280
7382
7842
8228
7973
7642
7532
8041
8147
8002
8192
8206
7375
8356
7994
7955
8408
8080
8161
8268
8176
7196
7779
8449
8040
7756
8098
8165
7896
8147
7833
8201
8085
7983
8091
8307
7927
7657
8324
7945
8267
8473
8317
8053
8188
7818
7843
7842
8218
8093
8109
7880
8311
7863
8125
7557
8136
8133
8112
8147
7975
8068
8235
8393
8310
8126
8335
8343
7936
7950
7837
7888
7756
8208
8395
7888
7964
8461
8018
8152
7761
8128
8171
8058
8162
7898
8185
8225
8253
7559
8274
8205
8046
7493
8104
8326
7903
7878
7975
7662
7730
8170
8092
8372
8359
8344
8112
8159
8173
7925
7508
7869
7902
8322
7345
8035
8157
7787
7859
7816
8303
7653
7678
8042
7978
7938
8140
8354
8148
8123
7927
7738
8007
8320
8014
8001
8116
7914
8017
8200
7910
8026
8154
8242
8137
8143
7888
7744
7916
7827
7988
7683
7889
8018
7999
7960
8205
7664
7830
8040
7573
7930
8052
7926
7801
8283
8318
8105
8007
8061
8477
8341
8135
8367
7881
8029
8252
8044
7760
8267
8221
7850
8422
8118
8001
7957
8078
7867
7886
8223
7966
7991
7715
7929
8082
8392
8156
8298
7843
8111
8098
8453
8240
8104
8222
8030
8168
7570
8233
7794
8047
7985
8251
8032
8090
8073
8488
8151
8304
7726
8298
8051
7789
8002
8203
8212
8120
7766
7883
7849
8346
7173
8441
8367
8259
8292
7681
8028
7917
7833
7856
7892
8174
8423
7852
8084
8224
7897
8003
7011
8214
7892
7933
8173
8156
8029
7726
7993
7812
7970
7833
8089
7876
7418
7882
8218
7896
8400
8201
8212
8078
8235
7878
8193
8271
8154
7903
8146
7590
7492
8024
8076
7757
7863
7361
7769
8002
7728
7642
8240
7841
8149
7852
7838
7902
7696
8111
8137
7586
7637
8222
8139
7806
7965
8433
8242
7525
7646
8285
8160
8078
8024
8238
7942
7984
8296
8135
7815
7778
7713
7728
8059
7522
8159
8288
7966
7725
7473
8355
7976
7942
8247
8496
7433
7246
7822
7920
8120
7969
7849
8129
7791
7965
8094
7832
7806
8225
7746
8109
8207
8186
7993
7939
8191
8131
7959
8161
7996
7864
7783
8065
7945
8052
7668
7820
7901
7858
7878
8318
7972
8230
7966
8120
8181
8069
8024
7818
8217
8317
8187
8329
8151
8363
8046
7565
7915
8240
7887
7855
8008
7952
7751
8217
8168
8149
8447
8001
8474
7979
8126
8128
8095
7598
7798
8040
7892
7993
7970
8192
7702
7960
8154
7951
8195
8011
8148
8165
8068
7779
8097
7877
7887
8163
8374
8054
7861
7878
8085
7951
7853
8157
8189
7557
7687
7939
7932
8258
8210
8437
7781
7910
8226
8286
8059
8227
7680
8113
8173
8332
7937
8112
7651
7976
8161
8218
7697
8198
7314
7862
7752
8186
8089
8112
7497
7873