Miasto poczatkowe: 4 ilosc miast: 30 iteracje: 1000 Liczba osobnikow populacji: 10000 Prawdopodobienstwo operatorow genetycznych: 0.5

Najlepsza trasa: 
4 -> 9 -> 10 -> 18 -> 2 -> 7 -> 1 -> 26 -> 28 -> 3 -> 27 -> 29 -> 15 -> 16 -> 8 -> 19 -> 24 -> 25 -> 17 -> 12 -> 20 -> 21 -> 5 -> 13 -> 0 -> 6 -> 23 -> 22 -> 11 -> 14 -> 4
Odleglosci miedzy miastami: 
151 -> 72 -> 361 -> 158 -> 203 -> 136 -> 380 -> 119 -> 123 -> 84 -> 583 -> 236 -> 309 -> 461 -> 111 -> 169 -> 336 -> 126 -> 273 -> 131 -> 319 -> 93 -> 199 -> 165 -> 172 -> 191 -> 192 -> 480 -> 177 -> 166
Odleglosc narastania: 
151 -> 223 -> 584 -> 742 -> 945 -> 1081 -> 1461 -> 1580 -> 1703 -> 1787 -> 2370 -> 2606 -> 2915 -> 3376 -> 3487 -> 3656 -> 3992 -> 4118 -> 4391 -> 4522 -> 4841 -> 4934 -> 5133 -> 5298 -> 5470 -> 5661 -> 5853 -> 6333 -> 6510 -> 6676
Laczna odleglosc: 
6676

Wszystkie odleglosci:
7945
8047
8242
7887
8002
6676
8092
7970
7718
7258
8002
7380
7878
8211
7882
8275
7675
7965
8294
7855
8185
8023
7853
8283
8164
8100
8038
7987
8221
8214
7991
8177
7536
7841
8044
8070
8273
8089
7873
7374
7833
8300
7715
7897
8184
8200
7631
7459
8074
7934
7846
7850
8120
7888
8019
8043
8079
8486
8372
7649
7907
8053
8160
7786
8015
7877
7988
7863
8092
8136
7851
7694
7931
7709
8017
8047
7492
8275
7987
8161
7978
8342
7934
8123
8102
7906
8079
8155
7907
7930
8241
7829
8053
8377
7924
8211
8254
8163
7611
7938
8030
8188
8284
7891
8072
7839
7911
8120
7757
8263
8050
7488
8264
7909
8157
7647
8312
8063
8280
8108
8101
8068
8259
7687
8015
8222
7900
7691
7957
8043
7697
8305
8015
7624
7867
8046
7591
7931
8163
7892
8176
7102
7643
8127
8094
8100
8232
7920
7762
8075
7742
8273
6928
7945
7816
7979
8178
8511
7928
7798
7458
7735
8181
7930
7907
8014
7931
7820
7828
8168
8045
8083
8257
7829
7800
7221
7519
7787
8176
8215
7866
8068
8098
8007
7666
8107
7703
8116
8191
7477
8172
7974
8342
8396
7613
7882
7961
7979
7769
7806
7757
7950
8287
7991
7679
7868
8286
8306
8007
8063
7958
7943
8230
7764
8287
7881
7611
8075
8140
8144
8098
7835
7839
8265
7980
8017
7829
8015
7850
8133
7689
7513
8119
8237
8202
8315
7957
7420
8068
7795
8205
8208
8285
7828
7912
7945
8022
7656
7750
8277
8082
7988
7738
8106
8351
7816
7792
7942
7902
8017
8107
8122
8042
8134
8035
8282
7797
7951
7922
8094
8085
7954
7912
8101
7525
8165
8070
7952
8121
7766
7913
8022
8401
7707
8362
8401
8323
7952
8036
7974
8277
8033
8073
7719
8111
7692
8228
7960
8134
8130
7249
7792
7601
7896
7548
8065
7961
7267
7771
7673
8340
7478
8135
7354
7647
8235
7992
8217
8209
7939
8313
7997
7835
8143
8239
7833
8091
8086
8074
7891
8008
7755
7893
8234
7904
7893
8024
7855
7997
7978
7919
7929
8410
8124
8105
8009
8150
8301
7695
7411
8453
8193
8189
7921
8267
7804
8197
8296
7952
8114
7456
8346
8162
8213
7977
7818
7627
8156
8221
8293
7929
8277
7854
8571
7872
8003
8202
7721
7882
7948
8319
7906
7303
8115
8002
8254
8285
8008
7671
8036
8076
8278
8201
7538
7932
7965
7983
7143
7833
8214
8121
8007
7907
7899
8103
8283
8105
8205
8246
8362
7766
7215
7893
8149
7987
8225
7250
8075
7996
8092
8069
8089
7650
8025
8108
8230
8167
7791
7980
7947
8092
7897
7056
7632
7910
8232
7590
7903
7984
7941
8149
7661
8022
7977
8063
8133
8119
8146
8181
8433
8051
7828
7927
8245
8287
7737
8136
7899
7448
8063
8418
7879
7968
8086
8230
7914
8015
8122
8115
7767
8062
7865
7832
7937
8297
7899
7814
7998
8176
8063
8138
8166
8213
8253
7494
7285
8014
8353
8101
8323
7870
8224
8107
7385
8217
7998
8072
7834
7937
7881
8005
8231
7973
8475
8155
7758
8299
8053
8034
7433
8225
7896
8240
7820
7583
7581
8244
8084
7857
8063
8303
8293
8248
8112
8254
7884
7972
8237
7786
7973
8290
7956
8122
8082
8307
8102
8119
8150
7766
8108
8261
7874
8023
7856
7657
7780
7875
8353
8000
8509
8168
7973
7899
7994
7683
7957
7915
8209
8225
8054
8030
7900
7495
8240
7969
7288
7998
8143
8252
8059
8244
8064
7743
7624
8124
7931
7653
7885
8235
8182
7636
7789
8355
7968
7601
8206
7902
8168
7472
8122
8330
8091
7805
8193
7618
8196
8092
7928
7983
8283
8464
8271
7855
8171
8300
8259
7996
7789
8097
7584
7991
8013
8340
7706
8324
7923
7874
7987
7987
8047
8205
8367
8033
8019
8178
7470
8136
8310
8165
7743
8448
7942
7910
7979
8053
8068
7714
7483
8048
7848
7838
8125
7999
8433
8357
7955
7954
8183
8171
7900
8044
8225
7807
7632
8175
8211
7897
8029
7995
8202
8091
8077
7757
8072
8202
7656
8078
8006
8238
7990
8058
8231
8271
7706
7957
8234
8225
8080
7995
7865
8232
8188
7913
8229
7600
8084
8105
8201
7748
8006
8213
8129
8142
7802
7634
8324
8175
7965
7651
8179
7970
7943
7899
8284
8181
7339
8118
7962
8112
8071
7892
8041
8181
7807
7475
8016
8009
7921
7092
7990
8231
8248
8350
8314
8194
7851
7851
7885
7841
8248
7717
7934
8072
8062
8238
8127
7587
8103
7689
7912
7617
8344
7984
8071
8189
7338
8171
8120
7803
7850
8513
8360
8044
7505
8286
8382
8135
7803
7873
7791
7996
8078
8223
8339
7754
7837
7585
7875
7912
8142
7396
8152
8004
8192
7618
8042
7721
8055
8005
8024
8035
7253
8112
8224
8046
7700
8232
8341
7933
7974
8079
8191
7486
7651
8046
8133
7804
8042
7913
8284
8162
8103
8217
7730
8024
8097
8119
7843
8144
8206
7823
7831
8144
7940
7778
7910
7598
8127
8069
8059
8319
7930
7963
8236
7975
7995
7543
7937
8225
8046
7861
8127
8277
7948
8151
7690
8238
7773
8207
8059
8191
8323
7843
7577
7914
7772
7863
8014
7951
7813
8176
8020
8272
8088
8033
7955
8220
8144
8116
8231
8253
8273
8355
7860
7876
7414
8206
8187
8053
7984
7678
7945
8214
7748
8232
8078
8137
7568
8037
7947
7731
8051
8042
8063
8020
7182
8224
7957
7792
7671
7991
7641
8121
8113
7515
8366
8300
8004
7455
8024
8076
7656
8208
7990
7877
8028
8093
7800
8157
7680
8456
7734
8132
7912
8119
7810
7579
8250
8282
7952
8110
8009
8188
7942
7863
8265
8392
8108
8379
8120
7937
8218
8122
8073
7782
8338
7928
8127
8017
8358
8003
8174
8080
8212
7841
7774
8382
8064
7738
8309
7837
8068
7704
8360
8267
8001
8292
7827
8217
7224
8252
8066
7659
7962
7980
8112
8142
8105
7796
8152
8213
8231
8244
7894
8075
8212
7945
8090
8028
7809
8030
7730
7595
8198
7742
8272
8164
8023
7901
7969
7731
8217
7725
7963
8160
7980
8401
8346
8053
8121