Miasto poczatkowe: 4 ilosc miast: 15 iteracje: 1000 Liczba osobnikow populacji: 10000 Prawdopodobienstwo operatorow genetycznych: 0.5

Najlepsza trasa: 
4 -> 14 -> 11 -> 12 -> 13 -> 5 -> 0 -> 8 -> 2 -> 6 -> 1 -> 9 -> 7 -> 3 -> 10 -> 4
Odleglosci miedzy miastami: 
166 -> 177 -> 251 -> 226 -> 199 -> 36 -> 360 -> 264 -> 129 -> 309 -> 218 -> 128 -> 221 -> 193 -> 81
Odleglosc narastania: 
166 -> 343 -> 594 -> 820 -> 1019 -> 1055 -> 1415 -> 1679 -> 1808 -> 2117 -> 2335 -> 2463 -> 2684 -> 2877 -> 2958
Laczna odleglosc: 
2958

Wszystkie odleglosci:
3761
3795
3810
3734
3665
3642
3778
3536
3836
3776
3863
3800
3776
3599
3497
3713
3852
3818
3459
3721
3516
3698
3487
3616
3708
3668
3667
3653
3661
3768
3708
3512
3555
3841
3625
3817
3729
3879
3719
3810
3464
3799
3407
3623
3564
3617
3552
3714
3664
3786
3463
3651
3895
3417
3719
3858
3678
3633
3429
3804
3839
3520
3762
3789
3774
3747
3902
3495
3928
3471
3708
3830
3810
3829
3840
3658
3763
3716
3901
3524
3669
3537
3538
3814
3789
3644
3720
3863
3763
3597
3523
3687
3567
3562
3810
3829
3662
3631
3789
3764
3749
3460
3731
3447
3598
3531
3669
3852
3465
3806
3438
3772
3650
3671
3787
3654
3767
3478
3785
3574
3605
3897
3635
3780
3868
3884
3821
3684
3824
3434
3768
3789
3679
3475
3748
3711
3745
3604
3600
3617
3708
3680
3543
3702
3780
3800
3644
3287
3733
3293
3709
3560
3390
3566
3572
3612
3656
3773
3720
3670
3369
3621
3515
3710
3803
3639
3752
3875
3773
3831
3461
3785
3527
3831
3677
3711
3732
3932
3848
3290
3278
3745
3833
3429
3847
3764
3656
3802
3812
3640
3729
3841
3943
3314
3760
3679
3716
3799
3776
3734
3790
3745
3496
3745
3690
3468
3757
3649
3664
3757
3651
3493
3414
3621
3777
3694
3769
3860
3521
3718
3756
3522
3630
3736
3820
3846
3721
3589
3932
3811
3667
3587
3652
3558
3868
3754
3672
3924
3597
3720
3723
3791
3823
3524
3248
3818
3769
3654
3829
3634
3482
3405
3665
3497
3700
3895
3570
3827
3811
3860
3552
3712
3533
3680
3745
3606
3590
3501
3649
3769
3776
3615
3727
3415
3886
3819
3735
3581
3778
3845
3543
3668
3739
3794
3894
3774
3867
3679
3794
3625
3712
3935
3569
3940
3564
3915
3660
3553
3797
3595
3666
3881
3648
3701
3821
3844
3926
3689
3688
3782
3719
3728
3685
3613
3780
3806
3455
3343
3735
3739
3764
3817
3746
3871
3886
3636
3682
3897
3884
3830
3621
3709
3794
3733
3621
3657
3581
3284
3787
3856
3759
3853
3696
3716
3653
3856
3854
3776
3664
3753
3845
3456
3854
3833
3649
3731
3694
3497
3744
3611
3800
3678
3824
3802
3812
3738
3423
3837
3746
3738
3721
3686
3606
3728
3607
3345
3854
3884
3879
3646
3914
3588
3629
3625
3516
3635
3558
3798
3785
3522
3300
3621
3472
3745
3625
3426
3586
3839
3525
3538
3716
3513
3759
3733
3620
3662
3478
3715
3441
3646
3568
3790
3849
3722
3617
3687
3790
3529
3466
3846
3797
3582
3889
3542
3634
3509
3749
3868
3884
3790
3661
3728
3638
3689
3901
3746
3695
3755
3586
3847
3829
3812
3585
3717
3583
3765
3322
3699
3469
3646
3739
3527
3759
3620
3784
3669
3599
3599
3574
3597
3588
3850
3583
3695
3686
3790
3767
3893
3636
3611
3814
3705
3360
3566
3653
3732
3786
3773
3689
3728
3834
3596
3842
3493
3766
3632
3707
3602
2958
3407
3928
3580
3644
3606
3745
3763
3524
3801
3718
3872
3597
3714
3614
3975
3789
3739
3837
3546
3749
3650
3812
3590
3761
3646
3649
3796
3708
3616
3773
3756
3776
3716
3559
3534
3762
3677
3804
3640
3840
3820
3813
3853
3573
3822
3563
3507
3681
3913
3838
3798
3590
3773
3538
3843
3549
3808
3723
3853
3815
3731
3778
3562
3935
3750
3652
3721
3546
3772
3776
3780
3489
3866
3766
3796
3859
3666
3456
3779
3727
3681
3610
3747
3735
3806
3776
3748
3638
3576
3385
3628
3700
3683
3648
3805
3428
3714
3821
3696
3781
3752
3882
3735
3600
3882
3687
3521
3860
3750
3344
3784
3386
3708
3499
3509
3859
3387
3603
3778
3556
3834
3690
3677
3448
3839
3750
3598
3589
3784
3792
3470
3699
3495
3577
3800
3628
3394
3761
3702
3683
3473
3562
3864
3545
3672
3447
3909
3567
3519
3502
3495
3672
3779
3775
3673
3680
3622
3911
3827
3775
3718
3835
3595
3843
3708
3817
3659
3446
3954
3704
3750
3851
3811
3782
3752
3769
3759
3823
3758
3763
3836
3432
3717
3681
3554
3843
3395
3769
3650
3905
3851
3904
3723
3751
3703
3603
3787
3656
3566
3637
3822
3707
3740
3702
3548
3831
3523
3853
3901
3616
3821
3838
3634
3640
3792
3860
3576
3534
3703
3913
3523
3723
3833
3698
3873
3566
3751
3483
3465
3822
3733
3705
3702
3546
3899
3832
3850
3891
3734
3516
3432
3781
3446
3603
3552
3577
3718
3642
3642
3688
3691
3955
3605
3804
3890
3566
3597
3663
3707
3748
3611
3824
3630
3846
3809
3768
3748
3691
3380
3736
3619
3753
3869
3679
3729
3875
3799
3522
3607
3819
3759
3686
3639
3849
3785
3758
3874
3626
3744
3696
3707
3649
3359
3611
3602
3665
3833
3757
3770
3713
3840
3556
3785
3818
3815
3746
3700
3532
3850
3647
3702
3554
3874
3801
3962
3675
3753
3607
3648
3798
3358
3807
3798
3814
3823
3691
3762
3640
3572
3439
3613
3784
3751
3453
3706
3694
3847
3408
3614
3873
3441
3679
3698
3680
3655
3429
3326
3929
3644
3793
3661
3690
3590
3824
3605
3527
3690
3713
3360
3689
3903
3750
3933
3322
3961
3558
3755
3814
3480
3660
3716
3701
3800
3850
3638
3771
3239
3733
3795
3947
3950
3659
3884
3769
3832
3631
3759
3600
3670
3520
3710
3051
3830
3519
3760
3254
3904
3810
3777
3714
3969
3535
3600
3663
3377
3853
3745
3514
3726
3672
3580
3708
3792
3672
3643
3518
3365
3653
3551
3525
3793
3617
3710
3708
3815
3792
3559
3757
3698
3602
3932
3818
3590
3724
3827
3644
3971
3698
3826
3657
3661
3559
3664
3763
3817
3390
3742
3672
3805
3616
3624
3710
3712
3424
3671
3755
3877
3839
3793
3737
3811
3737
3711
3833
3725
3557
3859
3897
3414
3750
3315
3568
3753
3540
3651
3745
3693
3762
3517
3805
3520
3873
3627
3602
3568
3614
3390
3939
3735
3777
3802
3423
3549
3751
3674
3747
3717
3707
3633
3747
3725
3839
3787
3851
3767
3773
3719
3736
3851
3759
3920