Miasto poczatkowe: 4 ilosc miast: 25 iteracje: 1000 Liczba osobnikow populacji: 10000 Prawdopodobienstwo operatorow genetycznych: 0.5

Najlepsza trasa: 
4 -> 10 -> 3 -> 2 -> 1 -> 21 -> 0 -> 13 -> 11 -> 7 -> 18 -> 19 -> 8 -> 23 -> 24 -> 22 -> 12 -> 20 -> 6 -> 5 -> 17 -> 16 -> 9 -> 15 -> 14 -> 4
Odleglosci miedzy miastami: 
81 -> 193 -> 280 -> 304 -> 282 -> 60 -> 165 -> 385 -> 305 -> 178 -> 401 -> 111 -> 238 -> 68 -> 213 -> 361 -> 131 -> 431 -> 192 -> 272 -> 93 -> 316 -> 134 -> 156 -> 166
Odleglosc narastania: 
81 -> 274 -> 554 -> 858 -> 1140 -> 1200 -> 1365 -> 1750 -> 2055 -> 2233 -> 2634 -> 2745 -> 2983 -> 3051 -> 3264 -> 3625 -> 3756 -> 4187 -> 4379 -> 4651 -> 4744 -> 5060 -> 5194 -> 5350 -> 5516
Laczna odleglosc: 
5516

Wszystkie odleglosci:
6562
6514
6001
6295
5992
5687
6555
6411
6370
6566
6317
6596
6342
6487
6134
6423
6455
5942
6425
6400
6195
6345
6457
6456
6237
6403
6355
6493
6627
6052
6229
6192
5844
6431
6359
6607
5855
6280
6117
6624
6539
6563
6457
5900
6514
6506
6322
6420
6374
6405
6266
6654
6545
6634
6267
6228
6250
6222
6276
6303
6290
6217
6557
6416
6344
6507
6213
6461
6008
6511
6509
6324
6417
6086
6676
6480
6481
6399
6379
6268
6747
6701
6132
6551
6532
6488
6097
6370
6546
6240
6529
5837
6343
6419
6331
6480
6455
6430
5960
6371
6271
6143
6393
6542
6607
6580
6304
6554
6325
6567
6410
6044
6544
6491
6338
6548
6227
6292
6378
6150
6288
6272
6620
6300
6181
6471
6377
6472
6570
6509
6084
6384
6689
6397
6683
6238
6288
6454
6031
6390
6292
6319
6389
6215
6221
5752
6423
6446
6485
6330
6505
6720
6393
6219
6297
6106
6481
6497
5962
5650
6650
6154
6382
6521
6330
6476
6561
6372
6106
6225
6576
6381
6229
6349
6107
6532
6484
6526
5886
6503
6427
6680
6578
6560
6673
6419
6512
6379
5950
6571
6560
6311
6428
6113
6363
6415
6127
6210
6616
6445
6074
6191
6563
6297
6062
6393
5952
6408
6285
6533
6422
5866
6161
6334
6484
6511
6324
6474
6679
6601
6168
6312
6344
6539
6407
6432
6527
6111
6411
6397
6215
5972
6217
6470
6292
6456
6298
6152
6089
6340
6344
6177
5916
6557
6424
6164
6140
6306
6088
6301
6018
6382
6144
6250
6397
6410
6286
6354
6018
6440
6263
6472
6515
5937
6209
6347
6555
6284
6422
6306
6472
6411
6184
6616
6683
6521
6272
6363
6626
5906
6460
6611
6046
6614
6321
6569
6510
6225
6397
5682
6299
6155
6480
6375
6521
6464
6383
6181
6197
6102
6387
6286
6375
6178
6179
6659
6243
6709
6521
6386
6496
6582
6377
6763
5841
6549
6560
6308
6420
6126
6274
6161
6507
6503
6514
6543
6508
6543
6272
6633
6182
6223
6285
6451
6551
6408
6342
6455
6425
6018
6210
6167
6077
5900
6521
6118
6117
6400
6350
6608
6438
6429
6637
6227
6419
6187
6324
6204
6539
5814
6559
6319
5873
6539
6213
6238
6622
6599
6520
6233
6267
6543
6305
6445
6469
6680
6385
6198
6442
6222
6412
6448
6383
6417
6280
6439
6503
6165
6369
6127
6281
6240
6576
6506
6603
6559
6507
6284
6613
6381
6543
6521
5807
6597
6275
6490
6701
6540
6173
6305
5936
6459
6311
6509
6360
6449
6238
6438
6450
6006
6364
6075
6366
6341
6078
6649
6147
6508
6173
6757
6516
6737
6328
5880
6462
6072
6062
6531
6516
6435
6037
6463
6446
6368
6257
6381
6455
6048
6840
6272
6357
6147
6598
6393
6195
6547
6265
6606
6616
6202
6320
6265
6107
6459
6175
6507
6400
6189
6264
6295
6378
6210
6503
6409
6064
5805
6252
6346
6566
5945
6350
6563
6702
6559
6281
6405
6491
6316
6309
5834
6339
6436
6271
6004
6383
6215
6333
6333
6030
6239
6614
6223
6131
6107
6462
6527
6614
6606
6375
6254
6174
6401
6201
6546
6167
6389
6277
6359
5819
6299
6307
6287
6508
6260
6366
5892
6423
6278
6385
6367
6598
6355
6547
6234
5949
5942
6556
6070
6281
6437
6266
6734
6497
6486
6359
6478
6313
5887
6461
6627
6326
6418
6358
6600
6511
6277
6259
6389
6422
6586
6326
6149
6578
5977
6603
6430
6503
5689
6430
5962
6412
6561
6232
6250
6344
6323
6456
6304
6166
6382
6514
6495
6512
6122
6258
6340
6330
6505
6168
6034
5937
6215
6309
6471
6343
6465
6312
6389
6393
6296
6601
6607
6540
6550
6310
6465
6165
6334
6530
5993
6483
6303
6457
6492
6238
6400
6507
6452
6169
6502
6129
6271
6493
6404
6566
6554
6562
6304
6548
6221
6145
6440
6653
6258
6224
6133
6144
6295
6348
6648
6469
6434
6484
6373
6742
6370
6601
6622
6403
6365
6426
6164
6299
6419
6540
6339
6534
6459
6469
6325
6449
6458
6717
6527
6087
6120
6599
6392
6284
5516
6270
6422
6222
6551
6446
6608
5747
6441
6318
6498
6006
6290
6342
6398
6547
6309
5683
6770
6388
6143
5967
6129
6214
6520
6402
6536
5617
6385
6570
6347
6053
6084
6325
6299
6479
6176
6578
6049
6104
6107
6272
6094
6545
6538
6493
6397
6359
6678
6263
6324
6632
6198
6105
6529
6543
6832
6340
6260
6517
6100
6477
6176
6219
5871
5956
6164
6455
6507
6317
6512
6325
6501
5834
6224
6499
6583
6397
6303
6557
6707
6442
6330
6748
6468
6404
6364
6385
6421
6310
6073
6660
6170
5921
6484
6179
6222
6269
6349
6431
6483
6400
6240
6407
6440
6476
6454
6521
6379
6424
6220
6416
6324
6300
5953
6633
6182
6341
6469
5888
6588
6208
6440
6554
6068
6279
6420
6658
6588
6513
6244
6331
6717
6522
6577
6037
6054
6297
6377
6094
6547
5854
6608
6460
5973
6340
6464
6367
6372
6407
6153
5838
6158
6572
6449
6535
6393
5949
6019
6522
6384
6602
6333
6593
6107
5971
6325
6439
6413
6441
6235
5922
6286
6392
6506
6175
6233
6582
6475
6063
6255
6477
6240
6178
6411
6246
5584
6414
6365
5932
6274
6507
6548
6536
6102
6499
6713
6008
6174
6094
6313
6464
6358
6625
6218
6093
6478
6412
6158
6391
6412
6013
6315
6469
6288
6445
6361
6188
6002
5877
6335
5965
6125
6375
6211
6594
6177
6299
6246
6414
5749
6479
6117
6280
6439
6494
6575
6231
5746
6349
6426
6029
6121
6318
6503
6565
6116
6476
6589
6471
6472
6116
6286
6330
6546
6312
6363
6284
6474
6505
6541
6227
6345
6162
6555
6400
6277
6373
6253
6180
5967
6439
5994
6160
6351
6470
6097
5761
6351
6261
6156
6066
6397
6418
6457
6058
6074
6247
6345
5792
6557
6333
6416
6518
6452
6625
6582
6439
6516
6333
6078
6608
6283
6138
6514
6406
6590
6373
6295
6505
6300
6053
6218
6325
5808
6626
6111
6542
6502
6364
6609
6449
6568
5988
6350
6403
5983
6390
6202
6421
6138