Miasto poczatkowe: 4 ilosc miast: 5 iteracje: 100 Liczba osobnikow populacji: 10000 Prawdopodobienstwo operatorow genetycznych: 0.5

Najlepsza trasa: 
4 -> 3 -> 2 -> 0 -> 1 -> 4
Odleglosci miedzy miastami: 
304 -> 280 -> 304 -> 341 -> 299
Odleglosc narastania: 
304 -> 584 -> 888 -> 1229 -> 1528
Laczna odleglosc: 
1528

Wszystkie odleglosci:
1528
1528
1528
1528
1528
1528
1528
1528
1528
1528
1528
1528
1528
1528
1528
1528
1528
1528
1528
1528
1528
1528
1528
1528
1528
1528
1528
1528
1528
1528
1528
1528
1528
1528
1528
1528
1528
1528
1528
1528
1528
1528
1528
1528
1528
1528
1528
1528
1528
1528
1528
1528
1528
1528
1528
1528
1528
1528
1528
1528
1528
1528
1528
1528
1528
1528
1528
1528
1528
1528
1528
1528
1528
1528
1528
1528
1528
1528
1528
1528
1528
1528
1528
1528
1528
1528
1528
1528
1528
1528
1528
1528
1528
1528
1528
1528
1528
1528
1528
1528