Miasto poczatkowe: 4 ilosc miast: 20 iteracje: 1000 Liczba osobnikow populacji: 10000 Prawdopodobienstwo operatorow genetycznych: 0.5

Najlepsza trasa: 
4 -> 9 -> 2 -> 6 -> 8 -> 19 -> 0 -> 5 -> 3 -> 10 -> 18 -> 7 -> 13 -> 16 -> 1 -> 17 -> 12 -> 11 -> 14 -> 15 -> 4
Odleglosci miedzy miastami: 
151 -> 338 -> 129 -> 258 -> 111 -> 359 -> 36 -> 508 -> 193 -> 361 -> 178 -> 295 -> 86 -> 130 -> 108 -> 273 -> 251 -> 177 -> 156 -> 114
Odleglosc narastania: 
151 -> 489 -> 618 -> 876 -> 987 -> 1346 -> 1382 -> 1890 -> 2083 -> 2444 -> 2622 -> 2917 -> 3003 -> 3133 -> 3241 -> 3514 -> 3765 -> 3942 -> 4098 -> 4212
Laczna odleglosc: 
4212

Wszystkie odleglosci:
5016
5152
5277
5103
4790
4964
5112
4898
4681
4986
4707
4739
5024
4674
4986
4887
4935
4916
4832
4815
4740
4896
4944
4696
4984
4815
5185
4976
4752
4957
4862
4977
4961
4674
4807
4986
4786
5019
4521
4933
5121
5056
4931
4827
4899
4673
4897
5064
5086
4885
5100
4822
4907
4807
5052
4762
5036
5127
4729
4554
5034
4956
4882
4578
4774
4554
5037
4829
4737
5155
4988
4752
5010
4913
4645
5036
4847
4897
4648
4825
5160
4843
4946
5101
4842
4905
4874
4888
4911
4653
4998
4995
5000
4932
4371
4815
5040
5006
5049
5044
4897
4871
4683
4872
4651
4947
5118
4920
4662
5279
5027
4946
4754
4627
4556
4604
4487
4560
4570
5026
4989
4692
4934
4955
4570
4923
4768
4771
4764
4429
4928
4944
5087
4516
5011
5034
4898
4995
4824
4893
4928
4678
4461
5023
5032
4994
4806
4644
4836
4646
4972
4956
4915
4660
4816
5006
5000
5115
4749
4864
4572
4637
4862
4929
4805
4869
4616
4659
4813
4645
4486
4845
4992
4721
4460
5003
5002
5141
4869
4608
4720
5000
4763
4879
5166
4889
5018
5227
4278
4929
5070
4920
4951
4895
5001
4489
4812
4829
4856
4691
5040
4889
4841
4722
4727
5009
4789
4732
4739
4824
4887
5020
4872
4982
5090
5004
4818
4690
5172
4890
5008
5136
4399
5053
5008
4995
4800
4997
4931
4473
4919
5037
5092
4980
5039
4664
4917
4656
4795
4750
5092
4552
4912
5043
4947
4585
5014
4746
5127
4865
4699
4610
5088
4662
4789
4932
4812
5031
4743
4839
5025
5072
4794
4894
5144
4846
4693
4530
4951
4941
4906
4598
4783
4659
4547
5054
5045
4460
4750
4790
5004
4678
4683
4813
4838
4815
5079
4736
4643
4983
4563
4861
5069
5071
4644
4233
5040
4850
4925
4974
4787
4947
4481
4915
4835
4895
4901
4554
4933
4804
4992
4724
4450
4939
4975
4602
4899
4991
5107
4989
4978
4517
5031
4419
4745
4578
4489
4996
4753
4552
5051
4825
5008
4328
4662
4928
5040
5034
4664
4684
4814
4472
4764
5085
4613
4812
4703
4654
4976
4779
4503
4476
4795
4965
4843
5211
4986
4865
4828
4975
4798
4828
4865
5014
4806
4925
4971
5140
4908
4955
4864
4925
5006
5055
5095
5066
5036
4981
4499
4970
5004
4823
4989
4940
4815
4927
5066
5022
4874
4830
4818
4656
5174
4966
4996
4627
4835
5041
4673
4959
4887
4998
4788
4698
4929
4784
4672
4863
5108
4865
4844
4794
4932
4764
4676
4618
4914
5200
4895
4652
4972
4955
4971
4970
4667
4929
4807
4962
4869
4954
4939
4687
4921
4905
4968
4822
5022
5087
4505
5013
5017
4729
5092
5082
4861
4870
4641
4881
5185
5023
4536
5101
5054
4724
4974
4857
4917
5035
5008
5132
5012
4684
4934
4871
4564
4729
5023
5023
5043
5124
4765
5020
4922
4609
5053
4916
4497
4923
4823
4684
5013
5263
4995
4956
4903
4725
5087
5134
4997
4497
5114
4962
4994
4899
4966
4963
5064
5000
4993
4661
5099
4791
4797
4485
4766
4796
4992
4991
4512
4682
4976
5065
5027
5010
4717
4817
4994
4609
4889
4833
4825
4986
4766
4637
4757
4916
5102
4918
4792
4838
5115
4872
5131
4892
5100
5076
4545
4986
4623
5056
4697
5001
5071
4817
5146
4854
4812
4831
4853
4745
5016
4581
4840
4831
4847
5046
4826
5045
4773
4996
5057
4981
4809
5053
4558
5000
5112
4832
4970
4855
4713
4935
4870
4982
4962
4937
4769
4648
4918
5052
4902
5001
5043
4940
4561
4935
4866
4986
4677
4883
5120
4596
4505
4796
4540
5114
4645
4975
4970
4980
4801
4953
4798
5017
4832
5103
5059
5125
4596
5084
4799
5078
4564
5101
5113
4609
4865
4937
4914
4212
4876
4783
4959
5056
4666
4901
4735
5005
5058
4932
5036
5002
4979
4983
4576
4735
4851
4978
4551
4744
4840
5105
4971
4941
4734
5003
4877
5022
5054
4790
4495
4859
4889
4842
4580
4932
4810
4556
4988
4753
5136
5015
4886
5158
4880
5019
4893
4756
4858
4968
4819
4923
4845
4809
4588
5087
4853
4919
4789
4899
5068
5014
5080
4561
4338
4992
4907
4982
4903
4843
5102
4778
4979
5002
4598
5089
4998
5019
5011
4744
4832
4584
4775
4807
5041
4937
4969
4927
4906
5031
4779
5079
4639
4745
4853
4779
4743
4850
5076
4798
4448
4907
4951
4976
4702
5141
4932
4868
4856
4789
4898
4907
4975
4997
4963
4760
4606
4949
4928
5013
4820
4756
4822
4919
4986
4863
5025
4629
4995
4616
4883
5247
4443
4586
4700
4987
4891
4610
5009
4362
4602
4940
4933
4982
5116
4930
4948
4747
4894
4840
5076
4824
4943
4973
5078
4807
4884
4840
4745
5032
4741
5163
4973
4843
4859
4963
5048
5063
5196
5106
4756
4850
4906
4779
4868
4786
4864
4716
4633
4750
4696
4789
4870
5089
4991
5185
4611
5198
4942
5147
5226
5007
4847
4820
5037
5079
5021
4614
4867
4952
4939
4975
4922
5079
4732
5047
4774
5132
5099
5130
4614
4610
4783
4957
4764
4655
5023
4920
4746
4932
4906
4922
4858
5116
4757
4740
5019
4864
4866
4666
5029
4869
4688
4885
4529
4871
4828
4864
5113
5043
5051
4736
4953
5046
4497
4612
4895
4831
4992
4622
5086
4785
5052
4952
5069
4912
4868
5068
4946
4757
4864
5044
5110
5065
4951
4993
5031
4771
4774
5025
5021
4887
5103
4944
5013
4895
4812
5026
4322
4954
4970
4976
4871
5000
4589
4876
4963
5237
4554
4992
4934
4793
4985
5205
4913
4981
5121
4867
4949
4794
4853
4688
4856
4838
4961
4686
5141
4899
5122
4917
4991
4936
4261
4950
4858
4322
4883
4963
4847
4978
4736
5051
4561
4905
4829
5186
5152
4929
4614
4475
4863
4331
4898
4514
4865
4809
4752
5027
5068
4918
4573
5092
4714
5159
5151
4898
5013
4682
4624
5019
5050
4922
4937
4824
5131
4943
4650
4620
4996
4816
5153
4826
5018
4949
4875
5214
4760
4775
5092
4913
4599
4908
4900
4787
4869
5237
4794
4975
4641
4764