Miasto poczatkowe: 4 ilosc miast: 20 iteracje: 500 Liczba osobnikow populacji: 10000 Prawdopodobienstwo operatorow genetycznych: 0.5

Najlepsza trasa: 
4 -> 9 -> 17 -> 12 -> 13 -> 16 -> 5 -> 0 -> 19 -> 8 -> 6 -> 2 -> 18 -> 1 -> 10 -> 15 -> 7 -> 11 -> 14 -> 3 -> 4
Odleglosci miedzy miastami: 
151 -> 226 -> 273 -> 226 -> 86 -> 245 -> 36 -> 359 -> 111 -> 258 -> 129 -> 158 -> 259 -> 293 -> 159 -> 151 -> 305 -> 177 -> 435 -> 304
Odleglosc narastania: 
151 -> 377 -> 650 -> 876 -> 962 -> 1207 -> 1243 -> 1602 -> 1713 -> 1971 -> 2100 -> 2258 -> 2517 -> 2810 -> 2969 -> 3120 -> 3425 -> 3602 -> 4037 -> 4341
Laczna odleglosc: 
4341

Wszystkie odleglosci:
5082
4779
4876
4764
4922
4826
4917
5106
4901
4950
4969
4888
4613
4850
4999
4505
5049
4972
5039
5064
4929
4559
4862
4859
4869
4884
4669
4969
4840
5034
4721
5012
5105
4511
4794
4880
4874
4903
4509
4811
5054
4795
5115
5138
4991
5014
4723
4725
4608
4929
4904
5093
4983
4523
4889
4918
4993
5068
4431
4853
4772
5062
4841
4714
4847
4671
4761
4959
5090
5000
4736
5095
5006
4734
4686
4859
4837
4860
5070
5000
4964
4880
4788
5131
4822
4597
4569
4690
4804
4816
4679
5062
4974
4434
4710
4699
5085
4480
5014
4740
4930
4635
4884
4856
4960
4974
4975
4794
4930
5009
4717
4934
4777
5131
4342
4917
4821
4826
4724
5078
4841
5143
4851
4791
4960
4781
5096
5126
4950
5046
5105
5134
4959
4921
5154
5092
4700
5005
5154
5119
4902
4899
5077
4882
4783
4695
4943
4978
5094
4828
4851
4848
4872
4994
4828
4920
4865
4872
4864
5073
5048
4787
4787
4385
5035
5109
4941
4942
4910
4879
4937
4881
4535
4745
4968
4936
4988
4442
4807
4903
4646
4732
4808
5151
4913
4891
4820
5005
4562
5075
4957
5157
4984
4744
4932
5066
4921
5100
4891
4446
4848
4896
4871
4857
4957
4795
4799
5046
4953
5027
4579
4879
5116
4934
4521
4756
4893
4735
4770
4968
4672
5031
4856
4955
4839
4928
4718
5150
5034
4658
4952
5071
4885
4849
4816
4899
4914
4847
4927
4868
5029
4911
5071
4912
4895
4970
5146
4871
4880
4853
5052
5053
4913
4623
4829
4906
5040
4957
4742
5057
4899
4996
5031
4703
4704
4623
4963
4792
4970
4881
4931
4913
4829
4884
5111
4727
4999
4850
4790
5107
4676
4897
4844
4997
4737
4992
4989
4689
4872
4955
5001
4812
4724
4891
4908
5023
5047
5075
4986
4555
4866
4494
5058
5027
5046
5102
4750
4734
4876
4802
4942
4982
4898
4701
4956
4944
5045
4655
5103
5073
4750
4981
5198
4909
4597
4705
4818
4393
4704
4904
4760
5050
4861
4745
4880
5042
4958
4909
4855
4804
4442
5146
5065
4883
5151
4798
5050
4688
4618
4831
5196
4644
4873
4802
5031
4903
5129
4788
4934
4670
4626
4901
4812
4696
4918
5112
4543
4945
4989
4785
5060
4896
4994
5033
5096
5227
4863
4886
4670
4814
4997
5003
5000
4790
4974
4741
4825
5087
4706
4561
4848
4936
4947
4809
4932
5128
4783
4573
4685
5132
5117
4617
5050
5043
4709
5079
4520
4887
4823
4988
4520
4967
4954
4857
5050
4970
4889
4632
5054
4875
4568
4753
4849
5157
5046
4757
4668
5028
5046
5060
4808
4767
5069
4736
4834
4653
4829
5133
5207
4716
4902
4950
4800
4954
4827
5068
5095
4910
4929
5121
5023
4849
5092
4939
4503
5015
5053
5047
4607
4775
4944
4945
4726
4929
5001
4643
5022
4904
4990
4944
5057
4672
4767
4998
5036
4768
4888
5001
4922
5044
5041
5055
5005
5052
5027
4748
5005
4676
4965
5006
4939
5010
4341
4977
4722
5132
4723
4957
4955
4520